[[(918, 305), (918, 375), (834, 375), None, None, (960, 375), (1043, 375), (1043, 352), (834, 540), (876, 704), (876, 821), (960, 540), (960, 704), (918, 845), (876, 281)], 
[(918, 305), (918, 375), (834, 375), None, None, (960, 375), (1043, 375), (1043, 352), (834, 540), (876, 704), (876, 821), (960, 540), (960, 704), (918, 845), (876, 281)], 
[(918, 305), (918, 375), (834, 352), None, None, (960, 375), (1043, 375), (1043, 352), (834, 540), (876, 704), (876, 821), (960, 540), (960, 704), (918, 845), (876, 281)], 
[(918, 305), (918, 375), (834, 352), None, None, (960, 375), (1043, 375), (1043, 352), (834, 540), (876, 704), (876, 821), (960, 540), (960, 704), (918, 845), (876, 281)], 
[(918, 305), (918, 375), (834, 375), None, None, (960, 375), (1043, 375), (1043, 352), (834, 540), (876, 704), (876, 821), (960, 540), (960, 704), (918, 845), (918, 305)], 
[(918, 305), (918, 375), (834, 375), None, None, (960, 375), (1085, 375), (1043, 352), (834, 540), (876, 704), (876, 821), (960, 540), (960, 704), (918, 845), (918, 305)], 
[(918, 305), (918, 375), (834, 375), (793, 328), None, (960, 375), (1043, 375), (1043, 375), (876, 540), (876, 704), (876, 821), (960, 540), (960, 704), (918, 845), (918, 305)], 
[(918, 305), (876, 375), (834, 352), None, None, (960, 375), (1043, 375), (1043, 375), (834, 540), (876, 704), (876, 821), (960, 540), (960, 704), (918, 821), (876, 281)], 
[(918, 305), (918, 375), (834, 352), None, None, (960, 375), (1043, 399), (1043, 375), (834, 540), (876, 704), (876, 821), (960, 540), (960, 704), (918, 821), (918, 281)], 
[(918, 305), (918, 375), (960, 375), (1043, 399), (1043, 375), (834, 375), (1043, 399), None, (918, 540), (834, 704), (876, 845), (876, 540), (960, 704), (918, 845), (918, 281)], 
[(918, 305), (918, 375), (834, 375), None, None, (960, 375), (1043, 399), (1043, 399), (834, 540), (834, 704), (834, 845), (960, 540), (960, 704), (918, 868), (918, 305)], 
[(918, 305), (918, 375), (834, 375), None, None, (960, 375), (1043, 422), (1043, 399), (834, 540), (834, 704), (834, 845), (960, 540), (918, 704), (918, 868), (918, 305)], 
[(918, 305), (918, 375), (876, 375), (1001, 422), None, (918, 375), (1043, 422), None, (834, 540), (834, 704), (834, 845), (918, 540), (918, 704), (918, 868), (918, 281)], 
[(918, 305), (876, 375), (834, 375), None, None, (960, 375), (1043, 446), (1043, 422), (834, 540), (834, 704), (834, 845), (918, 540), (918, 704), (918, 845), (918, 281)], 
[(960, 305), (876, 375), (876, 375), (1001, 446), (1043, 469), (960, 375), (1043, 446), (1043, 446), (834, 540), (834, 704), (834, 821), (918, 540), (918, 704), (918, 845), (918, 281)], 
[(960, 305), (918, 375), (960, 375), (1001, 469), (1043, 446), (876, 375), (1001, 446), None, (918, 540), (834, 704), (834, 821), (876, 540), (918, 704), (918, 845), (918, 305)], 
[(960, 305), (918, 375), (960, 399), (1001, 469), (1001, 469), (876, 375), (1001, 469), None, (876, 540), (834, 704), (834, 821), (918, 540), (918, 704), (918, 845), (918, 305)], 
[(918, 305), (918, 375), (876, 375), None, None, (918, 375), None, None, (876, 540), (834, 704), (834, 845), (918, 540), (918, 704), (918, 868), (918, 305)], 
[(918, 305), (918, 375), (876, 375), None, None, (918, 352), (1001, 469), (1001, 469), (876, 540), (834, 704), (834, 845), (918, 540), (918, 704), (918, 868), (918, 305)], 
[(918, 305), (918, 375), (876, 352), None, None, (918, 352), (876, 328), None, (876, 540), (834, 704), (834, 845), (918, 540), (918, 704), (918, 868), None], 
[(918, 305), (918, 375), (918, 375), (960, 446), (1001, 493), (876, 375), None, (1001, 493), (876, 540), (834, 704), (834, 845), (918, 540), (918, 704), (918, 868), (918, 305)], 
[(876, 305), (918, 375), (918, 375), None, None, (876, 352), None, None, (876, 540), (834, 704), (834, 845), (918, 540), (918, 704), (918, 845), (918, 305)], 
[(918, 305), (918, 375), (918, 375), None, (1001, 493), (876, 352), (1001, 469), (1001, 493), (876, 540), (834, 704), (834, 845), (918, 540), (918, 704), (918, 868), (918, 305)], 
[None, (918, 375), (876, 352), None, None, (918, 352), (918, 328), None, (876, 540), (834, 704), (834, 845), (918, 540), (918, 704), (918, 868), (918, 305)], 
[None, (876, 375), (876, 375), None, None, (918, 375), (1001, 446), None, (876, 540), (834, 704), (834, 845), (918, 540), (918, 704), (918, 868), (918, 305)], 
[(918, 305), (918, 375), (918, 375), (1001, 446), (1001, 469), (918, 375), (1001, 469), (1043, 469), (876, 540), (834, 704), (834, 845), (918, 540), (918, 704), (918, 868), (918, 305)], 
[(918, 305), (918, 375), (918, 375), (1001, 446), (1043, 469), (918, 375), (1043, 446), (1043, 446), (876, 540), (834, 704), (876, 845), (918, 540), (918, 704), (918, 868), (918, 281)], 
[(918, 305), (918, 375), (876, 375), None, None, (960, 375), (1043, 446), (1043, 422), (834, 540), (834, 704), (876, 845), (960, 540), (918, 704), (918, 845), (918, 305)], 
[(918, 305), (918, 375), (834, 375), None, None, (960, 375), (1043, 422), (1043, 399), (834, 540), (834, 704), (876, 845), (960, 540), (918, 704), (918, 845), (918, 281)], 
[(918, 305), (918, 375), (834, 375), None, None, (960, 375), (1085, 399), (1043, 375), (834, 540), (834, 704), (876, 845), (960, 540), (918, 704), (918, 868), (918, 281)], 
[(918, 305), (918, 375), (834, 375), None, None, (960, 375), (1085, 375), (1085, 352), (834, 540), (834, 704), (876, 845), (960, 540), (918, 704), (918, 868), (918, 281)], 
[(918, 305), (918, 375), (834, 352), None, None, (960, 375), (1043, 352), None, (834, 540), (834, 704), (876, 845), (960, 540), (918, 704), (918, 868), (876, 281)], 
[None, (918, 352), None, None, None, None, (1043, 328), None, (876, 540), (876, 704), (876, 845), (960, 540), (960, 704), (918, 868), None], 
[None, None, None, None, None, None, None, None, (876, 516), (876, 704), None, (960, 540), (960, 704), (918, 868), None], 
[None, (918, 352), None, None, None, None, None, None, (876, 516), (876, 704), (876, 821), (960, 540), (960, 704), (918, 868), None], 
[None, None, None, None, None, None, None, None, (876, 540), (876, 704), (876, 821), (960, 540), (960, 704), (918, 868), None], 
[(876, 305), (918, 375), (834, 375), None, None, (1001, 375), None, None, (876, 540), (876, 704), (876, 845), (960, 540), (960, 704), (918, 868), (876, 305)], 
[(876, 305), (918, 375), (834, 375), (793, 399), None, (1001, 375), None, None, (876, 540), (876, 704), (876, 845), (960, 540), (960, 704), (918, 868), (876, 305)], 
[(876, 305), (918, 375), (834, 375), (793, 422), None, (1001, 375), None, None, (876, 540), (876, 704), (876, 845), (960, 540), (960, 704), (918, 868), (876, 281)], 
[(876, 305), (918, 375), (876, 375), (793, 422), None, (1001, 375), None, None, (876, 540), (876, 704), (876, 845), (960, 540), (960, 704), (918, 868), (876, 305)], 
[(918, 305), (918, 375), (876, 375), (793, 446), None, (960, 375), None, None, (876, 540), (876, 704), (876, 845), (960, 540), (960, 704), (918, 845), (918, 305)], 
[(918, 305), (918, 375), (876, 375), (793, 446), (834, 446), (960, 375), None, None, (876, 540), (876, 704), (876, 845), (960, 540), (960, 704), (918, 845), (918, 305)], 
[None, (918, 375), (876, 375), (834, 446), None, (876, 375), (834, 469), None, (876, 540), (876, 704), (876, 845), (960, 540), (960, 704), (918, 845), None], 
[(876, 281), (918, 305), (876, 305), (876, 328), (918, 305), (960, 281), None, None, (876, 540), (876, 704), (876, 845), (918, 516), (960, 704), (918, 845), None], 
[(876, 281), (918, 305), (876, 328), (876, 328), (918, 305), (918, 305), None, (918, 328), (876, 540), (876, 704), (876, 845), (960, 516), (960, 704), (918, 845), (876, 281)], 
[(876, 281), (918, 328), None, None, None, (918, 328), None, None, (876, 540), (876, 704), (876, 845), (960, 516), (960, 704), (918, 845), (876, 281)], 
[(876, 305), (918, 328), (876, 352), None, None, (918, 305), None, (876, 352), (876, 540), (876, 704), (876, 845), (918, 516), (960, 704), (918, 845), (876, 305)], 
[(876, 281), (918, 328), (876, 352), None, None, (918, 305), None, None, (876, 540), (876, 704), (876, 845), (960, 540), (960, 704), (918, 845), None], 
[(876, 281), (918, 305), (876, 328), (876, 328), None, (918, 305), None, None, (876, 540), (876, 704), (876, 845), (918, 516), (960, 704), (918, 845), (876, 281)], 
[None, (918, 375), None, None, None, (918, 305), None, None, (918, 540), (876, 704), (876, 845), (918, 516), (960, 704), (918, 845), None], 
[None, (918, 375), None, None, None, None, None, None, (876, 540), (876, 704), (876, 845), (960, 540), (960, 704), (918, 845), None], 
[(918, 305), (918, 375), (876, 375), (793, 446), (834, 446), (960, 375), None, (960, 328), (876, 540), (876, 704), (876, 845), (960, 540), (960, 704), (918, 868), (918, 305)], 
[(918, 305), (918, 375), (876, 375), (793, 446), (793, 422), (960, 375), None, None, (876, 540), (876, 704), (876, 845), (960, 540), (960, 704), (918, 845), (876, 305)], 
[(876, 305), (918, 375), (876, 375), (793, 446), None, (1001, 375), None, None, (876, 540), (876, 704), (876, 845), (960, 540), (960, 704), (918, 845), (876, 305)], 
[(876, 305), (918, 375), (834, 375), (793, 422), None, (1001, 375), None, None, (876, 540), (876, 704), (876, 845), (960, 540), (960, 704), (918, 868), (876, 281)], 
[(876, 305), (918, 375), (834, 375), None, None, (1001, 375), None, None, (876, 540), (876, 704), (876, 821), (960, 540), (960, 704), (918, 868), (876, 305)], 
[(876, 305), (918, 375), (834, 375), None, None, (1001, 375), None, None, (876, 540), (876, 704), (876, 845), (960, 540), (960, 704), (918, 868), (876, 281)],
[(918, 305), (918, 375), (876, 375), None, None, (960, 352), None, None, (876, 540), (876, 704), (876, 845), (960, 540), (960, 704), (918, 868), (876, 281)], 
[(918, 305), (918, 375), (834, 375), None, None, (960, 352), None, None, (834, 540), (876, 704), (876, 845), (960, 540), (960, 704), (918, 868), (876, 281)], 
[None, (918, 352), None, None, None, None, None, None, (876, 540), (876, 704), (876, 821), (960, 540), (960, 704), (918, 868), None], 
[None, None, None, None, None, None, None, None, (876, 516), (876, 704), None, (960, 540), (960, 704), None, None], 
[None, (918, 352), None, None, None, (960, 352), (1043, 328), (1043, 328), (834, 540), (876, 704), None, (960, 540), (960, 704), None, None], 
[(918, 305), (918, 375), (876, 352), None, None, (960, 352), (1043, 352), (1043, 352), (834, 540), (876, 704), (876, 821), (960, 540), (960, 704), (918, 868), (918, 305)], 
[(918, 305), (918, 375), (834, 352), None, None, (960, 375), (1085, 352), (1043, 352), (834, 540), (834, 704), (876, 821), (960, 540), (960, 704), (918, 868), (918, 305)], 
[(918, 305), (918, 375), (834, 375), None, (793, 328), (960, 375), (1085, 375), (1043, 352), (834, 540), (834, 704), (876, 845), (960, 540), (960, 704), (918, 868), (918, 281)], 
[(918, 305), (876, 375), (834, 375), None, None, (960, 375), (1085, 375), (1043, 375), (834, 540), (834, 704), (834, 821), (960, 540), (960, 704), (918, 868), (918, 305)], 
[(918, 305), (918, 375), (834, 352), None, None, (960, 375), (1043, 375), (1043, 375), (834, 540), (834, 704), (834, 821), (960, 540), (960, 704), (918, 868), (918, 305)], 
[(918, 305), (918, 375), (834, 375), None, None, (960, 375), (1043, 399), (1043, 375), (834, 540), (834, 704), (876, 821), (960, 540), (960, 704), (918, 868), (918, 305)], 
[(918, 305), (918, 375), (834, 375), None, None, (960, 375), (1043, 399), (1043, 375), (834, 540), (834, 704), (876, 821), (960, 540), (960, 704), (918, 845), (918, 305)], 
[(918, 305), (918, 375), (834, 375), (793, 328), None, (960, 375), (1043, 399), (1043, 375), (834, 540), (834, 704), (876, 821), (960, 540), (960, 704), (918, 845), (918, 305)], 
[(918, 305), (918, 375), (834, 375), None, None, (960, 375), (1043, 399), (1043, 375), (834, 540), (876, 704), (876, 821), (960, 540), (960, 704), (918, 845), (918, 305)], 
[(918, 305), (918, 375), (834, 375), None, None, (960, 375), (1043, 399), (1043, 375), (834, 540), (876, 704), (876, 821), (960, 540), (960, 704), (918, 845), (918, 305)], 
[(918, 305), (918, 375), (834, 375), None, None, (960, 375), (1043, 399), (1043, 375), (834, 540), (876, 704), (876, 821), (960, 540), (918, 704), (918, 845), (918, 305)], 
[(918, 305), (918, 375), (834, 375), None, None, (960, 375), (1043, 399), (1043, 375), (876, 540), (876, 704), (876, 821), (960, 540), (960, 704), (918, 845), (918, 305)], 
[(918, 305), (918, 375), (834, 375), None, None, (960, 375), (1043, 399), (1043, 375), (834, 540), (876, 704), (876, 821), (960, 540), (960, 704), (918, 845), (918, 305)], 
[(918, 305), (918, 375), (834, 375), None, None, (960, 375), (1043, 399), (1043, 375), (834, 540), (876, 704), (876, 821), (960, 540), (960, 704), (918, 845), (918, 305)], 
[(918, 305), (918, 375), (834, 375), None, None, (960, 375), (1043, 375), (1043, 375), (834, 540), (876, 704), (876, 821), (960, 540), (960, 704), (918, 845), (918, 305)], 
[(918, 305), (918, 375), (834, 375), None, None, (960, 375), (1043, 399), (1043, 375), (834, 540), (876, 704), (876, 821), (960, 540), (960, 704), (918, 845), (918, 305)], 
[(918, 305), (918, 375), (834, 375), None, None, (960, 375), (1043, 375), (1043, 375), (834, 540), (876, 704), (876, 821), (960, 540), (960, 704), (918, 868), (918, 305)], 
[(918, 305), (918, 375), (834, 375), None, None, (960, 375), (1043, 375), (1043, 375), (834, 540), (876, 704), (876, 821), (960, 540), (960, 704), (918, 845), (918, 305)], 
[(918, 305), (918, 375), (834, 375), None, None, (960, 375), (1043, 375), (1043, 375), (834, 540), (876, 704), (876, 821), (960, 540), (960, 704), (918, 845), (918, 305)], 
[(918, 305), (918, 375), (834, 375), None, None, (960, 375), (1043, 375), (1043, 375), (876, 540), (876, 704), (876, 821), (960, 540), (960, 704), (918, 821), (918, 305)], 
[(918, 305), (918, 375), (834, 375), None, None, (960, 375), (1085, 375), (1043, 375), (876, 540), (876, 704), (876, 821), (960, 540), (960, 704), (918, 821), (918, 305)], 
[(918, 305), (918, 375), (834, 375), None, None, (960, 375), (1085, 375), (1043, 352), (834, 540), (876, 704), (876, 821), (960, 540), (960, 704), (918, 821), (918, 305)], 
[(918, 305), (918, 375), (834, 375), None, None, (960, 375), (1085, 375), (1043, 375), (876, 540), (876, 704), None, (960, 540), (960, 704), (918, 821), (918, 305)], 
[(918, 305), (918, 375), (834, 375), None, None, (960, 375), (1043, 375), (1043, 375), (876, 540), (876, 704), (876, 821), (960, 540), (960, 704), (918, 821), (918, 305)], 
[(918, 305), (918, 375), (834, 375), None, None, (960, 375), (1043, 375), (1043, 375), (876, 540), (876, 704), (876, 821), (960, 540), (960, 704), (918, 821), (918, 305)], 
[(918, 305), (918, 375), (834, 375), None, None, (960, 375), (1043, 375), (1043, 375), (876, 540), (876, 704), (876, 821), (960, 540), (960, 704), (918, 821), (918, 305)]]